proj:       1
zone:       0
north:      5931317.65574853
south:      5909589.24363665
east:       752470.0026999
west:       730323.73650894
cols:       265
rows:       260
e-w resol:  83.57081581
n-s resol:  83.57081581
format:     1
compressed: 1
