proj:       1
zone:       0
north:      6126956.93557133
south:      5567951.74858514
east:       773780.56073271
west:       317483.90638309
cols:       5460
rows:       6689
e-w resol:  83.57081581
n-s resol:  83.57081581
format:     3
compressed: 1
