proj:       1
zone:       0
north:      9007057.96100189
south:      4274526.23221719
east:       1462404.08304789
west:       -3703358.75492154
cols:       61813
rows:       56629
e-w resol:  83.57081581
n-s resol:  83.57081581
format:     -1
compressed: 1
